	 i = 0    	 yi = 0.89525    	 zi = 1.1    	 xi = 0.1    	 h = 0.2    	 yi(1/2) = 0.895314    	 zi(1/2) = 1.09988    	 yi - yi(1/2) = -6.40234e-05    	 zi - zi(1/2) = 0.000120312    	 LEEy = 8.53646e-05    	 LEEy = 2.84549e-05    	 c1 = 0    	 c2 = 1
	 i = 1    	 yi = 0.663345    	 zi = 1.29725    	 xi = 0.3    	 h = 0.2    	 yi(1/2) = 0.663954    	 zi(1/2) = 1.29653    	 yi - yi(1/2) = -0.000608631    	 zi - zi(1/2) = 0.000718    	 LEEy = 0.000811508    	 LEEy = 0.000270503    	 c1 = 0    	 c2 = 1
	 i = 2    	 yi = 0.416628    	 zi = 1.48577    	 xi = 0.5    	 h = 0.2    	 yi(1/2) = 0.417343    	 zi(1/2) = 1.48549    	 yi - yi(1/2) = -0.000715084    	 zi - zi(1/2) = 0.000283164    	 LEEy = 0.000953445    	 LEEy = 0.000317815    	 c1 = 0    	 c2 = 1
	 i = 3    	 yi = 0.173141    	 zi = 1.66438    	 xi = 0.7    	 h = 0.2    	 yi(1/2) = 0.173873    	 zi(1/2) = 1.66455    	 yi - yi(1/2) = -0.00073244    	 zi - zi(1/2) = -0.000164266    	 LEEy = 0.000976586    	 LEEy = 0.000325529    	 c1 = 0    	 c2 = 1
	 i = 4    	 yi = -0.0491989    	 zi = 1.83552    	 xi = 0.9    	 h = 0.2    	 yi(1/2) = -0.0485389    	 zi(1/2) = 1.83613    	 yi - yi(1/2) = -0.000659963    	 zi - zi(1/2) = -0.000606219    	 LEEy = 0.00087995    	 LEEy = 0.000293317    	 c1 = 0    	 c2 = 1
	 i = 5    	 yi = -0.146755    	 zi = 1.92048    	 xi = 1    	 h = 0.2    	 yi(1/2) = -0.146691    	 zi(1/2) = 1.9206    	 yi - yi(1/2) = -6.41684e-05    	 zi - zi(1/2) = -0.000123377    	 LEEy = 8.55579e-05    	 LEEy = 2.85193e-05    	 c1 = 0    	 c2 = 2


c1 = 0
c2 = 2

